Input 24 size 24
1 17
3 3
5 2
12 1
24 1

Input 24 size 576
1 408
3 72
5 48
12 24
24 17
72 3
120 2
288 1
576 1

Input 24 size 331776
1 235008
3 41472
5 27648
12 13824
24 9792
72 1728
120 1152
288 576
576 408
1728 72
2880 48
6912 24
13824 17
41472 3
69120 2
165888 1
331776 1


Input 25 size 20
1 6
2 7
4 3
8 2
13 1
25 1

Input 25 size 495
1 150
2 175
4 75
8 50
13 25
25 6
50 7
100 3
200 2
325 1
625 1

Input 25 size 309245
1 93750
2 109375
4 46875
8 31250
13 15625
25 3750
50 4375
100 1875
200 1250
325 625
625 150
1250 175
2500 75
5000 50
8125 25
15625 6
31250 7
62500 3
125000 2
203125 1
390625 1


Input 26 size 26
1 7
2 7
3 5
5 3
9 2
14 1
26 1

Input 26 size 676
1 182
2 182
3 130
5 78
9 52
14 26
26 7
52 7
78 5
130 3
234 2
364 1
676 1

Input 26 size 456976
1 123032
2 123032
3 87880
5 52728
9 35152
14 17576
26 4732
52 4732
78 3380
130 2028
234 1352
364 676
676 182
1352 182
2028 130
3380 78
6084 52
9464 26
17576 7
35152 7
52728 5
87880 3
158184 2
246064 1
456976 1


Input 27 size 27
1 15
2 5
3 3
7 2
14 1
27 1

Input 27 size 729
1 405
2 135
3 81
7 54
14 27
27 15
54 5
81 3
189 2
378 1
729 1

Input 27 size 531441
1 295245
2 98415
3 59049
7 39366
14 19683
27 10935
54 3645
81 2187
189 1458
378 729
729 405
1458 135
2187 81
5103 54
10206 27
19683 15
39366 5
59049 3
137781 2
275562 1
531441 1


Input 28 size 28
1 16
2 5
4 3
9 2
16 1
28 1

Input 28 size 784
1 448
2 140
4 84
9 56
16 28
28 16
56 5
112 3
252 2
448 1
784 1

Input 28 size 614656
1 351232
2 109760
4 65856
9 43904
16 21952
28 12544
56 3920
112 2352
252 1568
448 784
784 448
1568 140
3136 84
7056 56
12544 28
21952 16
43904 5
87808 3
197568 2
351232 1
614656 1


Input 29 size 29
1 18
2 4
3 3
6 2
14 1
29 1

Input 29 size 841
1 522
2 116
3 87
6 58
14 29
29 18
58 4
87 3
174 2
406 1
841 1

Input 29 size 707281
1 439002
2 97556
3 73167
6 48778
14 24389
29 15138
58 3364
87 2523
174 1682
406 841
841 522
1682 116
2523 87
5046 58
11774 29
24389 18
48778 4
73167 3
146334 2
341446 1
707281 1


Input 30 size 30
1 12
2 7
3 4
4 3
7 2
13 1
30 1

Input 30 size 900
1 360
2 210
3 120
4 90
7 60
13 30
30 12
60 7
90 4
120 3
210 2
390 1
900 1

Input 30 size 810000
1 324000
2 189000
3 108000
4 81000
7 54000
13 27000
30 10800
60 6300
90 3600
120 2700
210 1800
390 900
900 360
1800 210
2700 120
3600 90
6300 60
11700 30
27000 12
54000 7
81000 4
108000 3
189000 2
351000 1
810000 1


Input 31 size 31
1 20
3 4
4 3
9 2
18 1
31 1

Input 31 size 961
1 620
3 124
4 93
9 62
18 31
31 20
93 4
124 3
279 2
558 1
961 1

Input 31 size 923521
1 595820
3 119164
4 89373
9 59582
18 29791
31 19220
93 3844
124 2883
279 1922
558 961
961 620
2883 124
3844 93
8649 62
17298 31
29791 20
89373 4
119164 3
268119 2
536238 1
923521 1


Input 32 size 32
1 21
2 4
4 3
9 2
17 1
32 1

Input 32 size 1024
1 672
2 128
4 96
9 64
17 32
32 21
64 4
128 3
288 2
544 1
1024 1

Input 32 size 1048576
1 688128
2 131072
4 98304
9 65536
17 32768
32 21504
64 4096
128 3072
288 2048
544 1024
1024 672
2048 128
4096 96
9216 64
17408 32
32768 21
65536 4
131072 3
294912 2
557056 1
1048576 1


Input 33 size 33
1 15
2 7
3 4
5 3
10 2
19 1
33 1

Input 33 size 1089
1 495
2 231
3 132
5 99
10 66
19 33
33 15
66 7
99 4
165 3
330 2
627 1
1089 1

Input 33 size 1185921
1 539055
2 251559
3 143748
5 107811
10 71874
19 35937
33 16335
66 7623
99 4356
165 3267
330 2178
627 1089
1089 495
2178 231
3267 132
5445 99
10890 66
20691 33
35937 15
71874 7
107811 4
179685 3
359370 2
682803 1
1185921 1


Input 34 size 34
1 22
2 5
4 3
9 2
17 1
34 1

Input 34 size 1156
1 748
2 170
4 102
9 68
17 34
34 22
68 5
136 3
306 2
578 1
1156 1

Input 34 size 1336336
1 864688
2 196520
4 117912
9 78608
17 39304
34 25432
68 5780
136 3468
306 2312
578 1156
1156 748
2312 170
4624 102
10404 68
19652 34
39304 22
78608 5
157216 3
353736 2
668168 1
1336336 1


Input 35 size 35
1 23
2 5
4 3
8 2
16 1
35 1

Input 35 size 1225
1 805
2 175
4 105
8 70
16 35
35 23
70 5
140 3
280 2
560 1
1225 1

Input 35 size 1500625
1 986125
2 214375
4 128625
8 85750
16 42875
35 28175
70 6125
140 3675
280 2450
560 1225
1225 805
2450 175
4900 105
9800 70
19600 35
42875 23
85750 5
171500 3
343000 2
686000 1
1500625 1


Input 36 size 36
1 19
2 6
3 4
6 3
11 2
20 1
36 1

Input 36 size 1296
1 684
2 216
3 144
6 108
11 72
20 36
36 19
72 6
108 4
216 3
396 2
720 1
1296 1

Input 36 size 1679616
1 886464
2 279936
3 186624
6 139968
11 93312
20 46656
36 24624
72 7776
108 5184
216 3888
396 2592
720 1296
1296 684
2592 216
3888 144
7776 108
14256 72
25920 36
46656 19
93312 6
139968 4
279936 3
513216 2
933120 1
1679616 1


Input 37 size 37
1 17
2 8
3 5
5 3
9 2
21 1
37 1

Input 37 size 1369
1 629
2 296
3 185
5 111
9 74
21 37
37 17
74 8
111 5
185 3
333 2
777 1
1369 1

Input 37 size 1874161
1 861101
2 405224
3 253265
5 151959
9 101306
21 50653
37 23273
74 10952
111 6845
185 4107
333 2738
777 1369
1369 629
2738 296
4107 185
6845 111
12321 74
28749 37
50653 17
101306 8
151959 5
253265 3
455877 2
1063713 1
1874161 1


Input 38 size 38
1 27
3 4
5 3
8 2
19 1
38 1

Input 38 size 1444
1 1026
3 152
5 114
8 76
19 38
38 27
114 4
190 3
304 2
722 1
1444 1

Input 38 size 2085136
1 1481544
3 219488
5 164616
8 109744
19 54872
38 38988
114 5776
190 4332
304 2888
722 1444
1444 1026
4332 152
7220 114
11552 76
27436 38
54872 27
164616 4
274360 3
438976 2
1042568 1
2085136 1


Input 39 size 39
1 22
2 6
3 4
5 3
10 2
20 1
39 1

Input 39 size 1521
1 858
2 234
3 156
5 117
10 78
20 39
39 22
78 6
117 4
195 3
390 2
780 1
1521 1

Input 39 size 2313441
1 1305018
2 355914
3 237276
5 177957
10 118638
20 59319
39 33462
78 9126
117 6084
195 4563
390 3042
780 1521
1521 858
3042 234
4563 156
7605 117
15210 78
30420 39
59319 22
118638 6
177957 4
296595 3
593190 2
1186380 1
2313441 1


Input 40 size 40
1 22
2 7
3 4
5 3
9 2
17 1
40 1

Input 40 size 1600
1 880
2 280
3 160
5 120
9 80
17 40
40 22
80 7
120 4
200 3
360 2
680 1
1600 1

Input 40 size 2560000
1 1408000
2 448000
3 256000
5 192000
9 128000
17 64000
40 35200
80 11200
120 6400
200 4800
360 3200
680 1600
1600 880
3200 280
4800 160
8000 120
14400 80
27200 40
64000 22
128000 7
192000 4
320000 3
576000 2
1088000 1
2560000 1


Input 41 size 41
1 30
3 4
4 3
9 2
19 1
41 1

Input 41 size 1681
1 1230
3 164
4 123
9 82
19 41
41 30
123 4
164 3
369 2
779 1
1681 1

Input 41 size 2825761
1 2067630
3 275684
4 206763
9 137842
19 68921
41 50430
123 6724
164 5043
369 3362
779 1681
1681 1230
5043 164
6724 123
15129 82
31939 41
68921 30
206763 4
275684 3
620289 2
1309499 1
2825761 1


Input 42 size 42
1 24
2 7
3 4
5 3
10 2
20 1
42 1

Input 42 size 1764
1 1008
2 294
3 168
5 126
10 84
20 42
42 24
84 7
126 4
210 3
420 2
840 1
1764 1

Input 42 size 3111696
1 1778112
2 518616
3 296352
5 222264
10 148176
20 74088
42 42336
84 12348
126 7056
210 5292
420 3528
840 1764
1764 1008
3528 294
5292 168
8820 126
17640 84
35280 42
74088 24
148176 7
222264 4
370440 3
740880 2
1481760 1
3111696 1


Input 43 size 43
1 31
2 5
5 3
9 2
20 1
43 1

Input 43 size 1849
1 1333
2 215
5 129
9 86
20 43
43 31
86 5
215 3
387 2
860 1
1849 1

Input 43 size 3418801
1 2464717
2 397535
5 238521
9 159014
20 79507
43 57319
86 9245
215 5547
387 3698
860 1849
1849 1333
3698 215
9245 129
16641 86
36980 43
79507 31
159014 5
397535 3
715563 2
1590140 1
3418801 1


Input 44 size 44
1 32
3 5
6 3
11 2
20 1
44 1

Input 44 size 1936
1 1408
3 220
6 132
11 88
20 44
44 32
132 5
264 3
484 2
880 1
1936 1

Input 44 size 3748096
1 2725888
3 425920
6 255552
11 170368
20 85184
44 61952
132 9680
264 5808
484 3872
880 1936
1936 1408
5808 220
11616 132
21296 88
38720 44
85184 32
255552 5
511104 3
937024 2
1703680 1
3748096 1


Input 45 size 45
1 26
2 7
4 5
7 3
13 2
21 1
45 1

Input 45 size 2025
1 1170
2 315
4 225
7 135
13 90
21 45
45 26
90 7
180 5
315 3
585 2
945 1
2025 1

Input 45 size 4100625
1 2369250
2 637875
4 455625
7 273375
13 182250
21 91125
45 52650
90 14175
180 10125
315 6075
585 4050
945 2025
2025 1170
4050 315
8100 225
14175 135
26325 90
42525 45
91125 26
182250 7
364500 5
637875 3
1184625 2
1913625 1
4100625 1


Input 46 size 46
1 27
2 7
3 5
5 3
11 2
23 1
46 1

Input 46 size 2116
1 1242
2 322
3 230
5 138
11 92
23 46
46 27
92 7
138 5
230 3
506 2
1058 1
2116 1

Input 46 size 4477456
1 2628072
2 681352
3 486680
5 292008
11 194672
23 97336
46 57132
92 14812
138 10580
230 6348
506 4232
1058 2116
2116 1242
4232 322
6348 230
10580 138
23276 92
48668 46
97336 27
194672 7
292008 5
486680 3
1070696 2
2238728 1
4477456 1


Input 47 size 47
1 28
2 7
3 5
6 3
12 2
21 1
47 1

Input 47 size 2209
1 1316
2 329
3 235
6 141
12 94
21 47
47 28
94 7
141 5
282 3
564 2
987 1
2209 1

Input 47 size 4879681
1 2907044
2 726761
3 519115
6 311469
12 207646
21 103823
47 61852
94 15463
141 11045
282 6627
564 4418
987 2209
2209 1316
4418 329
6627 235
13254 141
26508 94
46389 47
103823 28
207646 7
311469 5
622938 3
1245876 2
2180283 1
4879681 1


Input 48 size 48
1 36
3 5
4 3
9 2
20 1
48 1

Input 48 size 2304
1 1728
3 240
4 144
9 96
20 48
48 36
144 5
192 3
432 2
960 1
2304 1

Input 48 size 5308416
1 3981312
3 552960
4 331776
9 221184
20 110592
48 82944
144 11520
192 6912
432 4608
960 2304
2304 1728
6912 240
9216 144
20736 96
46080 48
110592 36
331776 5
442368 3
995328 2
2211840 1
5308416 1


Input 49 size 49
1 29
3 8
4 5
9 3
17 2
29 1
49 1

Input 49 size 2401
1 1421
3 392
4 245
9 147
17 98
29 49
49 29
147 8
196 5
441 3
833 2
1421 1
2401 1

Input 49 size 5764801
1 3411821
3 941192
4 588245
9 352947
17 235298
29 117649
49 69629
147 19208
196 12005
441 7203
833 4802
1421 2401
2401 1421
7203 392
9604 245
21609 147
40817 98
69629 49
117649 29
352947 8
470596 5
1058841 3
2000033 2
3411821 1
5764801 1


Input 50 size 50
1 20
2 11
3 7
5 5
7 3
17 2
30 1
50 1

Input 50 size 2500
1 1000
2 550
3 350
5 250
7 150
17 100
30 50
50 20
100 11
150 7
250 5
350 3
850 2
1500 1
2500 1

Input 50 size 6250000
1 2500000
2 1375000
3 875000
5 625000
7 375000
17 250000
30 125000
50 50000
100 27500
150 17500
250 12500
350 7500
850 5000
1500 2500
2500 1000
5000 550
7500 350
12500 250
17500 150
42500 100
75000 50
125000 20
250000 11
375000 7
625000 5
875000 3
2125000 2
3750000 1
6250000 1



--------------------------------------------------------

Lower bound for input 24 size 24 is 24

--------------------------------------------------------

Lower bound for input 24 size 576 is 576

--------------------------------------------------------

Lower bound for input 24 size 331776 is 331776

--------------------------------------------------------

Lower bound for input 25 size 20 is 32

--------------------------------------------------------

Lower bound for input 25 size 495 is 800

--------------------------------------------------------

Lower bound for input 25 size 309245 is 500000

--------------------------------------------------------

Lower bound for input 26 size 26 is 43

--------------------------------------------------------

Lower bound for input 26 size 676 is 1118

--------------------------------------------------------

Lower bound for input 26 size 456976 is 755768

--------------------------------------------------------

Lower bound for input 27 size 27 is 28

--------------------------------------------------------

Lower bound for input 27 size 729 is 756

--------------------------------------------------------

Lower bound for input 27 size 531441 is 551124

--------------------------------------------------------

Lower bound for input 28 size 28 is 36

--------------------------------------------------------

Lower bound for input 28 size 784 is 1008

--------------------------------------------------------

Lower bound for input 28 size 614656 is 790272

--------------------------------------------------------

Lower bound for input 29 size 29 is 29

--------------------------------------------------------

Lower bound for input 29 size 841 is 841

--------------------------------------------------------

Lower bound for input 29 size 707281 is 707281

--------------------------------------------------------

Lower bound for input 30 size 30 is 40

--------------------------------------------------------

Lower bound for input 30 size 900 is 1200

--------------------------------------------------------

Lower bound for input 30 size 810000 is 1080000

--------------------------------------------------------

Lower bound for input 31 size 31 is 36

--------------------------------------------------------

Lower bound for input 31 size 961 is 1116

--------------------------------------------------------

Lower bound for input 31 size 923521 is 1072476

--------------------------------------------------------

Lower bound for input 32 size 32 is 36

--------------------------------------------------------

Lower bound for input 32 size 1024 is 1152

--------------------------------------------------------

Lower bound for input 32 size 1048576 is 1179648

--------------------------------------------------------

Lower bound for input 33 size 33 is 40

--------------------------------------------------------

Lower bound for input 33 size 1089 is 1320

--------------------------------------------------------

Lower bound for input 33 size 1185921 is 1437480

--------------------------------------------------------

Lower bound for input 34 size 34 is 36

--------------------------------------------------------

Lower bound for input 34 size 1156 is 1224

--------------------------------------------------------

Lower bound for input 34 size 1336336 is 1414944

--------------------------------------------------------

Lower bound for input 35 size 35 is 35

--------------------------------------------------------

Lower bound for input 35 size 1225 is 1225

--------------------------------------------------------

Lower bound for input 35 size 1500625 is 1500625

--------------------------------------------------------

Lower bound for input 36 size 36 is 47

--------------------------------------------------------

Lower bound for input 36 size 1296 is 1692

--------------------------------------------------------

Lower bound for input 36 size 1679616 is 2192832

--------------------------------------------------------

Lower bound for input 37 size 37 is 44

--------------------------------------------------------

Lower bound for input 37 size 1369 is 1628

--------------------------------------------------------

Lower bound for input 37 size 1874161 is 2228732

--------------------------------------------------------

Lower bound for input 38 size 38 is 39

--------------------------------------------------------

Lower bound for input 38 size 1444 is 1482

--------------------------------------------------------

Lower bound for input 38 size 2085136 is 2140008

--------------------------------------------------------

Lower bound for input 39 size 39 is 40

--------------------------------------------------------

Lower bound for input 39 size 1521 is 1560

--------------------------------------------------------

Lower bound for input 39 size 2313441 is 2372760

--------------------------------------------------------

Lower bound for input 40 size 40 is 40

--------------------------------------------------------

Lower bound for input 40 size 1600 is 1600

--------------------------------------------------------

Lower bound for input 40 size 2560000 is 2560000

--------------------------------------------------------

Lower bound for input 41 size 41 is 41

--------------------------------------------------------

Lower bound for input 41 size 1681 is 1681

--------------------------------------------------------

Lower bound for input 41 size 2825761 is 2825761

--------------------------------------------------------

Lower bound for input 42 size 42 is 42

--------------------------------------------------------

Lower bound for input 42 size 1764 is 1764

--------------------------------------------------------

Lower bound for input 42 size 3111696 is 3111696

--------------------------------------------------------

Lower bound for input 43 size 43 is 43

--------------------------------------------------------

Lower bound for input 43 size 1849 is 1849

--------------------------------------------------------

Lower bound for input 43 size 3418801 is 3418801

--------------------------------------------------------

Lower bound for input 44 size 44 is 47

--------------------------------------------------------

Lower bound for input 44 size 1936 is 2068

--------------------------------------------------------

Lower bound for input 44 size 3748096 is 4003648

--------------------------------------------------------

Lower bound for input 45 size 45 is 55

--------------------------------------------------------

Lower bound for input 45 size 2025 is 2475

--------------------------------------------------------

Lower bound for input 45 size 4100625 is 5011875

--------------------------------------------------------

Lower bound for input 46 size 46 is 46

--------------------------------------------------------

Lower bound for input 46 size 2116 is 2116

--------------------------------------------------------

Lower bound for input 46 size 4477456 is 4477456

--------------------------------------------------------

Lower bound for input 47 size 47 is 48

--------------------------------------------------------

Lower bound for input 47 size 2209 is 2256

--------------------------------------------------------

Lower bound for input 47 size 4879681 is 4983504

--------------------------------------------------------

Lower bound for input 48 size 48 is 48

--------------------------------------------------------

Lower bound for input 48 size 2304 is 2304

--------------------------------------------------------

Lower bound for input 48 size 5308416 is 5308416

--------------------------------------------------------

Lower bound for input 49 size 49 is 71

--------------------------------------------------------

Lower bound for input 49 size 2401 is 3479

--------------------------------------------------------

Lower bound for input 49 size 5764801 is 8353079

--------------------------------------------------------

Lower bound for input 50 size 50 is 68

--------------------------------------------------------

Lower bound for input 50 size 2500 is 3400

--------------------------------------------------------

Lower bound for input 50 size 6250000 is 8500000